0 0.104736 0.179443 0.019043 0.008301
0 0.089355 0.205078 0.008789 0.015625
0 0.191650 0.192627 0.010254 0.014160
0 0.236816 0.202148 0.012695 0.014648
0 0.359375 0.228271 0.016602 0.012207
0 0.361572 0.278564 0.011230 0.017090
0 0.426514 0.153320 0.008301 0.015625
0 0.089600 0.351074 0.007324 0.017578
0 0.113525 0.334473 0.014160 0.010742
0 0.219727 0.303711 0.018555 0.008789
0 0.190674 0.344971 0.006348 0.018066
0 0.200684 0.338867 0.008789 0.015625
0 0.511475 0.226318 0.013184 0.009277
0 0.543457 0.178711 0.008789 0.017578
0 0.527100 0.123535 0.017090 0.006836
0 0.562500 0.155029 0.008789 0.017090
0 0.606689 0.181885 0.010254 0.014160
0 0.585693 0.223877 0.013184 0.015137
0 0.592773 0.121094 0.018555 0.007812
0 0.579834 0.106445 0.018066 0.007812
0 0.616699 0.094482 0.012695 0.008301
0 0.648926 0.107666 0.007812 0.017090
0 0.781250 0.107422 0.015625 0.012695
0 0.740234 0.177734 0.007812 0.016602
0 0.791260 0.182617 0.007324 0.018555
0 0.775635 0.209961 0.008301 0.016602
0 0.792969 0.264160 0.011719 0.015625
0 0.806641 0.260254 0.011719 0.015625
0 0.735840 0.142334 0.016602 0.007324
0 0.558105 0.278076 0.014648 0.012207
0 0.438721 0.322510 0.008301 0.018066
0 0.368652 0.347656 0.008789 0.017578
0 0.358887 0.369629 0.008789 0.016602
0 0.265381 0.382568 0.009277 0.018066
0 0.187500 0.305664 0.014648 0.010742
0 0.049561 0.449463 0.008301 0.019043
0 0.193604 0.468506 0.006348 0.015137
0 0.185059 0.474121 0.013672 0.012695
0 0.328613 0.461670 0.011719 0.009277
0 0.306396 0.514893 0.016113 0.007324
0 0.021484 0.532471 0.016602 0.012207
0 0.043945 0.554688 0.011719 0.010742
0 0.137695 0.605957 0.017578 0.007812
0 0.245605 0.582031 0.017578 0.008789
0 0.531006 0.386963 0.012207 0.013184
0 0.503418 0.423096 0.009766 0.014160
0 0.482178 0.461670 0.018066 0.008301
0 0.512695 0.476562 0.018555 0.008789
0 0.603760 0.399170 0.015137 0.010254
0 0.542236 0.497070 0.011230 0.015625
0 0.533691 0.521729 0.010742 0.018066
0 0.086914 0.643066 0.006836 0.019531
0 0.053223 0.700928 0.011719 0.015137
0 0.096436 0.699463 0.014160 0.007324
0 0.180908 0.678955 0.013184 0.012207
0 0.187256 0.718506 0.013184 0.011230
0 0.219727 0.740234 0.012695 0.013672
0 0.233398 0.645264 0.010742 0.012207
0 0.178223 0.590088 0.011719 0.013184
0 0.384521 0.611084 0.009277 0.018066
0 0.536377 0.565430 0.010254 0.016602
0 0.034912 0.800049 0.009277 0.017090
0 0.262451 0.748047 0.016113 0.006836
0 0.234375 0.787598 0.014648 0.011719
0 0.226562 0.800537 0.007812 0.018066
0 0.175293 0.850830 0.006836 0.015137
0 0.145508 0.860107 0.006836 0.019043
0 0.216309 0.917969 0.007812 0.015625
0 0.178711 0.886230 0.006836 0.015625
0 0.139893 0.879639 0.013184 0.015137
0 0.077393 0.947998 0.007324 0.017090
0 0.298828 0.944092 0.016602 0.006348
0 0.320312 0.884277 0.016602 0.010742
0 0.407715 0.804688 0.013672 0.013672
0 0.449219 0.852539 0.013672 0.013672
0 0.448486 0.968994 0.010254 0.017090
0 0.466064 0.967773 0.008301 0.017578
0 0.538574 0.931396 0.012695 0.012207
0 0.581543 0.969482 0.012695 0.014160
0 0.655518 0.929688 0.015137 0.008789
0 0.704834 0.908936 0.011230 0.014160
0 0.739014 0.884277 0.010254 0.016602
0 0.808350 0.828857 0.009277 0.020020
0 0.738037 0.842773 0.016113 0.009766
0 0.563232 0.840088 0.012207 0.013184
0 0.512207 0.816162 0.011719 0.015137
0 0.534424 0.735840 0.011230 0.014648
0 0.457275 0.737305 0.015137 0.009766
0 0.389648 0.697754 0.010742 0.014648
0 0.604492 0.793213 0.008789 0.014160
0 0.668457 0.829346 0.016602 0.008301
0 0.589600 0.752441 0.017090 0.008789
0 0.599365 0.731445 0.011230 0.015625
0 0.599854 0.778320 0.015137 0.009766
0 0.680420 0.748047 0.017090 0.008789
0 0.709717 0.712158 0.008301 0.018066
0 0.749756 0.718506 0.010254 0.013184
0 0.800537 0.725098 0.009277 0.016602
0 0.816895 0.702637 0.006836 0.018555
0 0.814697 0.658203 0.013184 0.013672
0 0.783203 0.652588 0.014648 0.009277
0 0.681152 0.626709 0.014648 0.010254
0 0.684814 0.653809 0.011230 0.015625
0 0.703369 0.693848 0.016113 0.011719
0 0.603516 0.615234 0.018555 0.007812
0 0.631592 0.611328 0.018066 0.006836
0 0.529053 0.596680 0.008301 0.015625
0 0.579346 0.565674 0.009277 0.018066
0 0.625244 0.574707 0.008301 0.014648
0 0.747559 0.566406 0.013672 0.012695
0 0.783691 0.589844 0.011719 0.013672
0 0.789551 0.603271 0.017578 0.008301
0 0.805908 0.611816 0.016113 0.014648
0 0.747559 0.619141 0.015625 0.011719
0 0.761719 0.635010 0.014648 0.008301
0 0.727539 0.634766 0.014648 0.010742
0 0.625000 0.507568 0.012695 0.013184
0 0.589111 0.539795 0.018066 0.007324
0 0.644531 0.539062 0.010742 0.016602
0 0.421387 0.659668 0.015625 0.007812
0 0.367432 0.582764 0.014160 0.012207
0 0.357910 0.483887 0.018555 0.008789
0 0.637939 0.445312 0.017090 0.006836
0 0.679932 0.436279 0.010254 0.017090
0 0.688477 0.416748 0.008789 0.018066
0 0.685791 0.400391 0.017090 0.007812
0 0.725586 0.389160 0.013672 0.012695
0 0.700439 0.470459 0.014160 0.012207
0 0.718994 0.480957 0.006348 0.014648
0 0.809326 0.485840 0.012207 0.011719
0 0.655029 0.319092 0.017090 0.010254
0 0.521973 0.354980 0.012695 0.011719
0 0.712891 0.314941 0.007812 0.016602
0 0.693359 0.277832 0.015625 0.008789
0 0.725586 0.290527 0.015625 0.009766
0 0.815674 0.324707 0.008301 0.017578
0 0.279053 0.133545 0.016113 0.010254
0 0.635498 0.065674 0.011230 0.012207
0 0.556152 0.026611 0.013672 0.014160
0 0.628906 0.021240 0.015625 0.011230
0 0.734619 0.104248 0.013184 0.010254
0 0.841797 0.057861 0.011719 0.017090
0 0.827881 0.150391 0.012207 0.015625
0 0.848389 0.125977 0.012207 0.010742
0 0.908936 0.180420 0.016113 0.010254
0 0.832764 0.237793 0.014160 0.013672
0 0.853516 0.277588 0.013672 0.014160
0 0.988037 0.235352 0.018066 0.007812
0 0.961426 0.260498 0.011719 0.014160
0 0.976807 0.273682 0.013184 0.016113
0 0.949463 0.288818 0.018066 0.011230
0 0.953125 0.318848 0.013672 0.015625
0 0.911133 0.332275 0.017578 0.007324
0 0.926514 0.315918 0.014160 0.008789
0 0.905518 0.258789 0.017090 0.010742
0 0.915283 0.254150 0.009277 0.015137
0 0.904541 0.237549 0.009277 0.018066
0 0.921387 0.238525 0.010742 0.013184
0 0.734863 0.370605 0.014648 0.011719
0 0.882324 0.363770 0.014648 0.009766
0 0.897949 0.382324 0.017578 0.008789
0 0.921875 0.366943 0.010742 0.015137
0 0.956055 0.402588 0.018555 0.007324
0 0.857422 0.432129 0.014648 0.011719
0 0.904541 0.435303 0.015137 0.010254
0 0.832275 0.462891 0.018066 0.010742
0 0.899902 0.589355 0.008789 0.017578
0 0.866943 0.622559 0.009277 0.013672
0 0.829590 0.648193 0.006836 0.018066
0 0.835449 0.683105 0.009766 0.017578
0 0.952881 0.548584 0.008301 0.017090
0 0.924316 0.493652 0.012695 0.016602
0 0.887939 0.484375 0.007324 0.014648
0 0.974121 0.604492 0.017578 0.012695
0 0.956299 0.665771 0.009277 0.016113
0 0.885498 0.700439 0.012207 0.014160
0 0.848145 0.710449 0.013672 0.011719
0 0.873047 0.741943 0.016602 0.007324
0 0.935547 0.745850 0.011719 0.015137
0 0.952881 0.729004 0.015137 0.007812
0 0.976562 0.744385 0.009766 0.016113
0 0.946045 0.821777 0.012207 0.022461
0 0.880127 0.773438 0.013184 0.008789
0 0.918701 0.870850 0.014160 0.013184
0 0.891357 0.864502 0.015137 0.010254
0 0.993896 0.851318 0.012207 0.015137
0 0.950684 0.911133 0.007812 0.013672
0 0.806641 0.960938 0.015625 0.007812
0 0.892822 0.979736 0.008301 0.016113
0 0.259277 0.016846 0.013672 0.011230
0 0.056885 0.233154 0.009277 0.011230
0 0.012695 0.570801 0.012695 0.014648
0 0.334717 0.548096 0.018066 0.010254
0 0.355713 0.567871 0.012207 0.012695
0 0.442383 0.590820 0.021484 0.007812
0 0.204102 0.595703 0.007812 0.017578
0 0.178223 0.604980 0.014648 0.010742
0 0.192383 0.608154 0.006836 0.018066
0 0.137207 0.620117 0.014648 0.007812
0 0.063721 0.652100 0.006348 0.018066
0 0.080811 0.657471 0.013184 0.011230
0 0.547119 0.601074 0.017090 0.008789
0 0.571289 0.565674 0.007812 0.018066
0 0.596680 0.547852 0.019531 0.008789
0 0.115723 0.688965 0.015625 0.009766
0 0.116943 0.700195 0.010254 0.014648
0 0.239746 0.754150 0.012695 0.009277
0 0.025879 0.771729 0.012695 0.013184
0 0.076416 0.768311 0.012207 0.012207
0 0.072021 0.866943 0.011230 0.015137
0 0.310791 0.914795 0.020020 0.007324
0 0.409424 0.923340 0.011230 0.013672
0 0.206787 0.966797 0.016113 0.010742
0 0.335693 0.976807 0.007324 0.016113
0 0.460693 0.957275 0.016113 0.010254
0 0.701904 0.498291 0.015137 0.011230
0 0.645996 0.161621 0.010742 0.017578
0 0.685059 0.150146 0.012695 0.013184
0 0.656982 0.076660 0.014160 0.007812
0 0.820801 0.079102 0.015625 0.009766
0 0.829346 0.251465 0.017090 0.008789
0 0.868164 0.187744 0.007812 0.015137
0 0.916992 0.227051 0.015625 0.008789
0 0.812012 0.044434 0.015625 0.012695
0 0.840576 0.142090 0.017090 0.007812
0 0.985840 0.103516 0.018555 0.006836
0 0.989990 0.112549 0.017090 0.007324
0 0.852295 0.460693 0.009277 0.017090
0 0.937256 0.504395 0.018066 0.007812
0 0.826172 0.619385 0.014648 0.015137
0 0.717041 0.652588 0.007324 0.017090
0 0.695801 0.672119 0.010742 0.014160
0 0.978271 0.650146 0.014160 0.014160
0 0.952148 0.686768 0.013672 0.011230
0 0.733887 0.753418 0.006836 0.017578
0 0.735596 0.773438 0.017090 0.011719
0 0.801514 0.806641 0.017090 0.006836
0 0.836670 0.877686 0.009277 0.013184
0 0.933350 0.828857 0.009277 0.015137
0 0.691895 0.986816 0.013672 0.014648
0 0.759033 0.753174 0.010254 0.016113
0 0.727295 0.625244 0.018066 0.009277
0 0.623535 0.586182 0.013672 0.011230