0 0.109863 0.120361 0.017578 0.013184
0 0.018066 0.153564 0.008789 0.018066
0 0.143555 0.176758 0.016602 0.012695
0 0.124512 0.199951 0.010742 0.021973
0 0.229736 0.192627 0.015137 0.013184
0 0.272949 0.203369 0.018555 0.010254
0 0.316650 0.132812 0.015137 0.010742
0 0.401123 0.229980 0.020020 0.007812
0 0.398438 0.278320 0.010742 0.017578
0 0.255127 0.302246 0.020996 0.009766
0 0.092529 0.233887 0.010254 0.014648
0 0.016357 0.267334 0.009277 0.018066
0 0.131592 0.344971 0.007324 0.019043
0 0.151123 0.332031 0.017090 0.008789
0 0.028809 0.418457 0.014648 0.011719
0 0.088379 0.454102 0.009766 0.016602
0 0.464355 0.153564 0.009766 0.018066
0 0.546387 0.223633 0.014648 0.010742
0 0.225098 0.304443 0.015625 0.012207
0 0.232910 0.348145 0.009766 0.017578
0 0.238525 0.331787 0.017090 0.010254
0 0.299561 0.388184 0.012207 0.018555
0 0.229980 0.462402 0.007812 0.015625
0 0.227539 0.477783 0.013672 0.014160
0 0.410645 0.354980 0.012695 0.018555
0 0.392090 0.374023 0.013672 0.015625
0 0.476562 0.325195 0.011719 0.018555
0 0.600830 0.281250 0.017090 0.007812
0 0.064697 0.534912 0.017090 0.012207
0 0.079590 0.553955 0.008789 0.014160
0 0.044678 0.572266 0.010254 0.019531
0 0.152100 0.549561 0.016113 0.013184
0 0.344727 0.513672 0.016602 0.009766
0 0.170898 0.607422 0.018555 0.007812
0 0.123047 0.641602 0.008789 0.017578
0 0.101074 0.651855 0.006836 0.018555
0 0.220703 0.675537 0.009766 0.016113
0 0.287354 0.581543 0.019043 0.011719
0 0.421631 0.605713 0.012207 0.013184
0 0.407227 0.586670 0.015625 0.012207
0 0.217529 0.721436 0.007324 0.018066
0 0.127686 0.698486 0.015137 0.008301
0 0.052979 0.701416 0.010254 0.015137
0 0.088379 0.697266 0.013672 0.014648
0 0.024902 0.678467 0.016602 0.011230
0 0.019287 0.760010 0.017090 0.010254
0 0.028809 0.788086 0.017578 0.007812
0 0.060547 0.775146 0.017578 0.009277
0 0.105957 0.764404 0.013672 0.014160
0 0.254395 0.734619 0.011719 0.015137
0 0.294189 0.747314 0.015137 0.012207
0 0.271240 0.644775 0.013184 0.013184
0 0.182861 0.854248 0.012207 0.016113
0 0.038574 0.881104 0.013672 0.015137
0 0.017578 0.894043 0.011719 0.014648
0 0.110596 0.944092 0.008301 0.016113
0 0.180908 0.876953 0.013184 0.014648
0 0.214355 0.880371 0.006836 0.016602
0 0.271973 0.786621 0.015625 0.011719
0 0.359619 0.885986 0.011230 0.014160
0 0.357666 0.911377 0.017090 0.014160
0 0.340820 0.946045 0.015625 0.011230
0 0.374023 0.971924 0.015625 0.016113
0 0.450195 0.919189 0.011719 0.016113
0 0.480225 0.960938 0.010254 0.016602
0 0.493652 0.845459 0.010742 0.017090
0 0.601074 0.840820 0.013672 0.014648
0 0.442139 0.801758 0.013184 0.010742
0 0.425293 0.704346 0.007812 0.016113
0 0.466064 0.659668 0.016113 0.008789
0 0.680420 0.951660 0.008301 0.013672
0 0.699463 0.928467 0.016113 0.006348
0 0.737549 0.903809 0.013184 0.013672
0 0.951904 0.861084 0.015137 0.013184
0 0.919678 0.855713 0.015137 0.014160
0 0.968018 0.825928 0.010254 0.018066
0 0.982422 0.813965 0.013672 0.009766
0 0.924072 0.775391 0.016113 0.008789
0 0.848145 0.825439 0.009766 0.017090
0 0.827881 0.804688 0.016113 0.009766
0 0.643066 0.789551 0.007812 0.017578
0 0.551758 0.809814 0.012695 0.012207
0 0.621826 0.756104 0.018066 0.009277
0 0.711670 0.748291 0.021973 0.008301
0 0.795410 0.779785 0.012695 0.010742
0 0.877686 0.728516 0.008301 0.015625
0 0.904053 0.741455 0.018066 0.008301
0 0.959229 0.736328 0.017090 0.007812
0 0.976318 0.737549 0.011230 0.015137
0 0.985840 0.908447 0.010742 0.011230
0 0.775146 0.880371 0.007324 0.017578
0 0.707275 0.828369 0.015137 0.010254
0 0.640869 0.738281 0.010254 0.015625
0 0.706055 0.707275 0.012695 0.011230
0 0.790283 0.712402 0.015137 0.015625
0 0.802979 0.754639 0.010254 0.017090
0 0.842529 0.717773 0.015137 0.014648
0 0.874512 0.694092 0.008789 0.021973
0 0.857910 0.693115 0.013672 0.012207
0 0.744873 0.704834 0.007324 0.020020
0 0.742188 0.696045 0.017578 0.015137
0 0.735840 0.671387 0.014648 0.019531
0 0.722900 0.653320 0.011230 0.015625
0 0.647461 0.615234 0.018555 0.006836
0 0.667969 0.611572 0.020508 0.009277
0 0.575928 0.572021 0.017090 0.011230
0 0.569336 0.528809 0.011719 0.017578
0 0.618896 0.563965 0.008301 0.019531
0 0.609619 0.566162 0.010254 0.020020
0 0.669678 0.501465 0.012207 0.015625
0 0.629395 0.546631 0.019531 0.009277
0 0.733887 0.496582 0.014648 0.011719
0 0.732910 0.474121 0.016602 0.007812
0 0.756592 0.480469 0.007324 0.016602
0 0.794189 0.559082 0.014160 0.012695
0 0.784912 0.618164 0.017090 0.011719
0 0.794434 0.635254 0.017578 0.011719
0 0.820068 0.651611 0.015137 0.008301
0 0.749756 0.635010 0.013184 0.014160
0 0.753662 0.651611 0.008301 0.018066
0 0.903320 0.628418 0.007812 0.014648
0 0.865234 0.646729 0.008789 0.016113
0 0.856934 0.661133 0.014648 0.009766
0 0.825684 0.594482 0.007812 0.019043
0 0.843018 0.610107 0.016113 0.014160
0 0.865967 0.620850 0.016113 0.012207
0 0.935547 0.586182 0.013672 0.016113
0 0.923584 0.696289 0.015137 0.012695
0 0.843262 0.487793 0.007812 0.017578
0 0.885986 0.467285 0.010254 0.013672
0 0.870605 0.459961 0.018555 0.007812
0 0.890625 0.428467 0.018555 0.007324
0 0.937256 0.436035 0.015137 0.010742
0 0.987549 0.403076 0.020020 0.009277
0 0.943604 0.381836 0.015137 0.007812
0 0.925293 0.366699 0.015625 0.008789
0 0.851074 0.340088 0.008789 0.016113
0 0.751709 0.322266 0.009277 0.015625
0 0.775879 0.369629 0.014648 0.013672
0 0.694580 0.319824 0.015137 0.012695
0 0.727051 0.428955 0.006836 0.014160
0 0.716309 0.432617 0.006836 0.017578
0 0.676758 0.445068 0.015625 0.007324
0 0.648193 0.397217 0.018066 0.010254
0 0.572510 0.391113 0.015137 0.014648
0 0.541504 0.423096 0.013672 0.015137
0 0.587646 0.501221 0.010254 0.016113
0 0.558838 0.473877 0.019043 0.008301
0 0.527832 0.460205 0.017578 0.010254
0 0.942627 0.336914 0.016113 0.012695
0 0.730713 0.278076 0.016113 0.009277
0 0.760742 0.289551 0.015625 0.009766
0 0.633057 0.210938 0.007324 0.014648
0 0.581299 0.178467 0.009277 0.016113
0 0.642578 0.182373 0.007812 0.017090
0 0.599609 0.151367 0.007812 0.017578
0 0.572754 0.123047 0.018555 0.006836
0 0.626709 0.119385 0.017090 0.007324
0 0.685791 0.112793 0.009277 0.017578
0 0.717773 0.154541 0.010742 0.017090
0 0.776123 0.145752 0.011230 0.011230
0 0.777588 0.171143 0.012207 0.013184
0 0.831543 0.187988 0.010742 0.014648
0 0.869873 0.238281 0.013184 0.014648
0 0.883301 0.268555 0.013672 0.012695
0 0.829590 0.263672 0.011719 0.018555
0 0.935059 0.253174 0.015625 0.011230
0 0.958496 0.224609 0.012695 0.009766
0 0.960938 0.243164 0.007812 0.015625
0 0.952637 0.254395 0.007812 0.021484
0 0.907959 0.195068 0.009277 0.016113
0 0.951904 0.186035 0.008301 0.015625
0 0.861816 0.145020 0.008789 0.017578
0 0.824707 0.112549 0.010742 0.016113
0 0.865234 0.076660 0.011719 0.014648
0 0.883301 0.067383 0.015625 0.011719
0 0.779297 0.099609 0.015625 0.010742
0 0.673584 0.066162 0.013184 0.013184
0 0.595703 0.026855 0.012695 0.015625
0 0.914795 0.010254 0.011230 0.016602
0 0.297119 0.015869 0.013184 0.013184
0 0.220703 0.315918 0.008789 0.016602
0 0.406250 0.487061 0.017578 0.009277
0 0.565430 0.358643 0.009766 0.015137
0 0.395508 0.569580 0.012695 0.013184
0 0.009521 0.648682 0.014160 0.013184
0 0.241455 0.595703 0.008301 0.018555
0 0.217041 0.605469 0.016113 0.010742
0 0.153320 0.687256 0.015625 0.011230
0 0.169434 0.621094 0.014648 0.007812
0 0.277344 0.754395 0.013672 0.010742
0 0.154785 0.699707 0.011719 0.015625
0 0.071045 0.801758 0.009277 0.017578
0 0.035889 0.819092 0.011230 0.015137
0 0.264160 0.795166 0.007812 0.017090
0 0.212646 0.845947 0.008301 0.016113
0 0.110596 0.871338 0.015137 0.013184
0 0.141602 0.865967 0.006836 0.016113
0 0.253418 0.916992 0.007812 0.016602
0 0.327393 0.912598 0.017090 0.009766
0 0.633057 0.774902 0.016113 0.011719
0 0.011475 0.972412 0.008301 0.017090
0 0.020752 0.984131 0.009277 0.017090
0 0.245850 0.966309 0.012207 0.015625
0 0.497314 0.957764 0.018066 0.008301
0 0.580566 0.927490 0.017578 0.006348
0 0.618408 0.968750 0.013184 0.012695
0 0.428223 0.885254 0.015625 0.007812
0 0.734375 0.979004 0.012695 0.015625
0 0.836182 0.960693 0.015137 0.008301
0 0.931885 0.973877 0.011230 0.017090
0 0.873779 0.875977 0.009277 0.012695
0 0.784424 0.839111 0.016113 0.009277
0 0.730225 0.816650 0.018066 0.007324
0 0.779541 0.769287 0.018066 0.007324
0 0.770264 0.751221 0.007324 0.017090
0 0.779541 0.757812 0.011230 0.015625
0 0.795654 0.750488 0.011230 0.014648
0 0.887695 0.709473 0.012695 0.013672
0 0.939941 0.672119 0.018555 0.008301
0 0.994141 0.660156 0.011719 0.015625
0 0.984619 0.682861 0.012207 0.014160
0 0.717529 0.625244 0.019043 0.009277
0 0.708252 0.623291 0.015137 0.011230
0 0.580322 0.603027 0.016113 0.013672
0 0.765137 0.634277 0.014648 0.012695
0 0.779053 0.639404 0.009277 0.015137
0 0.765625 0.624023 0.017578 0.009766
0 0.838623 0.600830 0.017090 0.010254
0 0.958496 0.535889 0.008789 0.013184
0 0.946289 0.556152 0.011719 0.014648
0 0.977539 0.558838 0.015625 0.013184
0 0.992432 0.538086 0.006348 0.017578
0 0.663818 0.582764 0.015137 0.013184
0 0.683594 0.541992 0.013672 0.012695
0 0.925049 0.490967 0.012207 0.011230
0 0.959473 0.488770 0.010742 0.015625
0 0.974609 0.509033 0.013672 0.010254
0 0.967285 0.500000 0.017578 0.008789
0 0.717773 0.399658 0.017578 0.008301
0 0.767090 0.387207 0.015625 0.012695
0 0.951904 0.436523 0.014160 0.015625
0 0.994385 0.329346 0.011230 0.019043
0 0.840820 0.254395 0.014648 0.011719
0 0.863281 0.252197 0.017578 0.007324
0 0.946289 0.244873 0.013672 0.013184
0 0.688965 0.166016 0.016602 0.012695
0 0.626221 0.107178 0.020020 0.009277
0 0.655029 0.095215 0.011230 0.009766
0 0.889893 0.124512 0.015137 0.006836
0 0.694824 0.077148 0.015625 0.007812
0 0.676025 0.027588 0.014160 0.013184
0 0.843994 0.045166 0.020020 0.006348
0 0.487305 0.590332 0.019531 0.009766
0 0.992920 0.727539 0.014160 0.008789
0 0.632324 0.536621 0.012695 0.014648